Head
0.00 0 0 0 0 0 0 1 1 1
0.05 0 0 0 0 0 0 1 1 1
0.10 0 0 0 0 0 0 1 1 1
-1
Eye
0.00 0 0 0 0 0 0 1 1 1
0.05 0 0 0 0 0 0 1 1 1
0.10 0 0 0 0 0 0 1 1 1
-1
Body
0.00 0 0 0 0 0 0 1 1 1
0.05 0 0 0 0 0 0 1 1 1
0.10 0 0 0 0 0 0 1 1 1
-1
LeftArm
0.00 0 0 0 -1.57 0 0 1 1 1
0.05 0 0 0 -1.57 0 0 1 1 1
0.10 0 0 0 -1.57 0 0 1 1 1
-1
RightArm
0.00 0 0 0 -1.57 0 0 1 1 1
0.05 0 0 0 -1.57 0 0 1 1 1
0.10 0 0 0 -1.57 0 0 1 1 1
-1
LeftLeg
0.00 0 0 0 0 0 0 1 1 1
0.05 0 0 0 0 0 0 1 1 1
0.10 0 0 0 0 0 0 1 1 1
-1
RightLeg
0.00 0 0 0 0 0 0 1 1 1
0.05 0 0 0 0 0 0 1 1 1
0.10 0 0 0 0 0 0 1 1 1
-1