Head
0.00 0 0 0 0 0 0 1 1 1
0.05 0 0 0 0 0 0 1 1 1
0.10 0 0 0 0 0 0 1 1 1
0.15 0 0 0 0 0 0 1 1 1
0.20 0 0 0 0 0 0 1 1 1
0.25 0 0 0 0 0 0 1 1 1
0.30 0 0 0 0 0 0 1 1 1
0.35 0 0 0 0 0 0 1 1 1
0.40 0 0 0 0 0 0 1 1 1
0.45 0 0 0 0 0 0 1 1 1
0.50 0 0 0 0 0 0 1 1 1
0.55 0 0 0 0 0 0 1 1 1
0.60 0 0 0 0 0 0 1 1 1
0.65 0 0 0 0 0 0 1 1 1
0.70 0 0 0 0 0 0 1 1 1
0.75 0 0 0 0 0 0 1 1 1
0.80 0 0 0 0 0 0 1 1 1
0.85 0 0 0 0 0 0 1 1 1
0.90 0 0 0 0 0 0 1 1 1
0.95 0 0 0 0 0 0 1 1 1
1.00 0 0 0 0 0 0 1 1 1
1.05 0 0 0 0 0 0 1 1 1
1.10 0 0 0 0 0 0 1 1 1
1.15 0 0 0 0 0 0 1 1 1
1.20 0 0 0 0 0 0 1 1 1
-1
Eye
0.00 0 0 0 0 0 0 1 1 1
0.05 0 0 0 0 0 0 1 1 1
0.10 0 0 0 0 0 0 1 1 1
0.15 0 0 0 0 0 0 1 1 1
0.20 0 0 0 0 0 0 1 1 1
0.25 0 0 0 0 0 0 1 1 1
0.30 0 0 0 0 0 0 1 1 1
0.35 0 0 0 0 0 0 1 1 1
0.40 0 0 0 0 0 0 1 1 1
0.45 0 0 0 0 0 0 1 1 1
0.50 0 0 0 0 0 0 1 1 1
0.55 0 0 0 0 0 0 1 1 1
0.60 0 0 0 0 0 0 1 1 1
0.65 0 0 0 0 0 0 1 1 1
0.70 0 0 0 0 0 0 1 1 1
0.75 0 0 0 0 0 0 1 1 1
0.80 0 0 0 0 0 0 1 1 1
0.85 0 0 0 0 0 0 1 1 1
0.90 0 0 0 0 0 0 1 1 1
0.95 0 0 0 0 0 0 1 1 1
1.00 0 0 0 0 0 0 1 1 1
1.05 0 0 0 0 0 0 1 1 1
1.10 0 0 0 0 0 0 1 1 1
1.15 0 0 0 0 0 0 1 1 1
1.20 0 0 0 0 0 0 1 1 1
-1
Body
0.00 0 0 0 0 0 0 1 1 1
0.05 0 0 0 0 0 0 1 1 1
0.10 0 0 0 0 0 0 1 1 1
0.15 0 0 0 0 0 0 1 1 1
0.20 0 0 0 0 0 0 1 1 1
0.25 0 0 0 0 0 0 1 1 1
0.30 0 0 0 0 0 0 1 1 1
0.35 0 0 0 0 0 0 1 1 1
0.40 0 0 0 0 0 0 1 1 1
0.45 0 0 0 0 0 0 1 1 1
0.50 0 0 0 0 0 0 1 1 1
0.55 0 0 0 0 0 0 1 1 1
0.60 0 0 0 0 0 0 1 1 1
0.65 0 0 0 0 0 0 1 1 1
0.70 0 0 0 0 0 0 1 1 1
0.75 0 0 0 0 0 0 1 1 1
0.80 0 0 0 0 0 0 1 1 1
0.85 0 0 0 0 0 0 1 1 1
0.90 0 0 0 0 0 0 1 1 1
0.95 0 0 0 0 0 0 1 1 1
1.00 0 0 0 0 0 0 1 1 1
1.05 0 0 0 0 0 0 1 1 1
1.10 0 0 0 0 0 0 1 1 1
1.15 0 0 0 0 0 0 1 1 1
1.20 0 0 0 0 0 0 1 1 1
-1
LeftArm
0.00 0 0 0 0 0 0 1 1 1
0.05 0 0 0 -0.09 0 0 1 1 1
0.10 0 0 0 -0.17 0 0 1 1 1
0.15 0 0 0 -0.25 0 0 1 1 1
0.20 0 0 0 -0.34 0 0 1 1 1
0.25 0 0 0 -0.43 0 0 1 1 1
0.30 0 0 0 -0.51 0 0 1 1 1
0.35 0 0 0 -0.43 0 0 1 1 1
0.40 0 0 0 -0.34 0 0 1 1 1
0.45 0 0 0 -0.25 0 0 1 1 1
0.50 0 0 0 -0.17 0 0 1 1 1
0.55 0 0 0 -0.09 0 0 1 1 1
0.60 0 0 0 0 0 0 1 1 1
0.65 0 0 0 0.09 0 0 1 1 1
0.70 0 0 0 0.17 0 0 1 1 1
0.75 0 0 0 0.25 0 0 1 1 1
0.80 0 0 0 0.34 0 0 1 1 1
0.85 0 0 0 0.43 0 0 1 1 1
0.90 0 0 0 0.51 0 0 1 1 1
0.95 0 0 0 0.43 0 0 1 1 1
1.00 0 0 0 0.34 0 0 1 1 1
1.05 0 0 0 0.25 0 0 1 1 1
1.10 0 0 0 0.17 0 0 1 1 1
1.05 0 0 0 0.09 0 0 1 1 1
1.20 0 0 0 0 0 0 1 1 1  
-1
RightArm
0.00 0 0 0 0 0 0 1 1 1
0.05 0 0 0 0.09 0 0 1 1 1
0.10 0 0 0 0.17 0 0 1 1 1
0.15 0 0 0 0.25 0 0 1 1 1
0.20 0 0 0 0.34 0 0 1 1 1
0.25 0 0 0 0.43 0 0 1 1 1
0.30 0 0 0 0.51 0 0 1 1 1
0.35 0 0 0 0.43 0 0 1 1 1
0.40 0 0 0 0.34 0 0 1 1 1
0.45 0 0 0 0.25 0 0 1 1 1
0.50 0 0 0 0.17 0 0 1 1 1
0.55 0 0 0 0.09 0 0 1 1 1
0.60 0 0 0 0 0 0 1 1 1
0.65 0 0 0 -0.09 0 0 1 1 1
0.70 0 0 0 -0.17 0 0 1 1 1
0.75 0 0 0 -0.25 0 0 1 1 1
0.80 0 0 0 -0.34 0 0 1 1 1
0.85 0 0 0 -0.43 0 0 1 1 1
0.90 0 0 0 -0.51 0 0 1 1 1
0.95 0 0 0 -0.43 0 0 1 1 1
1.00 0 0 0 -0.34 0 0 1 1 1
1.05 0 0 0 -0.25 0 0 1 1 1
1.10 0 0 0 -0.17 0 0 1 1 1
1.05 0 0 0 -0.09 0 0 1 1 1
1.20 0 0 0 0 0 0 1 1 1  
-1
LeftLeg
0.00 0 0 0 0 0 0 1 1 1
0.05 0 0 0 0.09 0 0 1 1 1
0.10 0 0 0 0.17 0 0 1 1 1
0.15 0 0 0 0.25 0 0 1 1 1
0.20 0 0 0 0.34 0 0 1 1 1
0.25 0 0 0 0.43 0 0 1 1 1
0.30 0 0 0 0.51 0 0 1 1 1
0.35 0 0 0 0.43 0 0 1 1 1
0.40 0 0 0 0.34 0 0 1 1 1
0.45 0 0 0 0.25 0 0 1 1 1
0.50 0 0 0 0.17 0 0 1 1 1
0.55 0 0 0 0.09 0 0 1 1 1
0.60 0 0 0 0 0 0 1 1 1
0.65 0 0 0 -0.09 0 0 1 1 1
0.70 0 0 0 -0.17 0 0 1 1 1
0.75 0 0 0 -0.25 0 0 1 1 1
0.80 0 0 0 -0.34 0 0 1 1 1
0.85 0 0 0 -0.43 0 0 1 1 1
0.90 0 0 0 -0.51 0 0 1 1 1
0.95 0 0 0 -0.43 0 0 1 1 1
1.00 0 0 0 -0.34 0 0 1 1 1
1.05 0 0 0 -0.25 0 0 1 1 1
1.10 0 0 0 -0.17 0 0 1 1 1
1.05 0 0 0 -0.09 0 0 1 1 1
1.20 0 0 0 0 0 0 1 1 1  
-1
RightLeg
0.00 0 0 0 0 0 0 1 1 1
0.05 0 0 0 -0.09 0 0 1 1 1
0.10 0 0 0 -0.17 0 0 1 1 1
0.15 0 0 0 -0.25 0 0 1 1 1
0.20 0 0 0 -0.34 0 0 1 1 1
0.25 0 0 0 -0.43 0 0 1 1 1
0.30 0 0 0 -0.51 0 0 1 1 1
0.35 0 0 0 -0.43 0 0 1 1 1
0.40 0 0 0 -0.34 0 0 1 1 1
0.45 0 0 0 -0.25 0 0 1 1 1
0.50 0 0 0 -0.17 0 0 1 1 1
0.55 0 0 0 -0.09 0 0 1 1 1
0.60 0 0 0 0 0 0 1 1 1
0.65 0 0 0 0.09 0 0 1 1 1
0.70 0 0 0 0.17 0 0 1 1 1
0.75 0 0 0 0.25 0 0 1 1 1
0.80 0 0 0 0.34 0 0 1 1 1
0.85 0 0 0 0.43 0 0 1 1 1
0.90 0 0 0 0.51 0 0 1 1 1
0.95 0 0 0 0.43 0 0 1 1 1
1.00 0 0 0 0.34 0 0 1 1 1
1.05 0 0 0 0.25 0 0 1 1 1
1.10 0 0 0 0.17 0 0 1 1 1
1.05 0 0 0 0.09 0 0 1 1 1
1.20 0 0 0 0 0 0 1 1 1  
-1
